hello1

0.000	22.000	0.000	1.000	0.000
1.000	34.000	0.000	1.000	0.000
2.000	46.000	0.000	1.000	0.000
3.000	58.000	0.000	1.000	0.000
4.000	70.000	1.000	1.000	0.000
5.000	82.000	1.000	1.000	0.000
6.000	91.000	1.000	1.000	13.000
7.000	99.000	1.000	1.000	21.000
8.000	107.000	1.000	1.000	26.000
9.000	114.000	1.000	1.000	31.000
10.000	122.000	1.000	1.000	31.000
11.000	129.000	1.000	1.000	38.000
12.000	135.000	1.000	1.000	43.000
13.000	142.000	1.000	1.000	43.000
14.000	148.000	1.000	1.000	49.000
15.000	155.000	1.000	1.000	49.000
16.000	160.000	1.000	1.000	56.000
17.000	166.000	1.000	1.000	56.000
18.000	170.000	1.000	1.000	62.000
19.000	175.000	1.000	1.000	62.000
20.000	179.000	1.000	1.000	68.000
21.000	184.000	1.000	1.000	68.000
22.000	187.000	1.000	1.000	73.000
23.000	191.000	1.000	1.000	73.000
24.000	194.000	1.000	1.000	79.000
25.000	198.000	1.000	1.000	79.000
26.000	202.000	1.000	1.000	79.000
27.000	204.000	1.000	1.000	84.000
28.000	206.000	1.000	1.000	84.000
29.000	208.000	1.000	1.000	84.000
30.000	210.000	1.000	1.000	84.000
31.000	212.000	1.000	1.000	89.000
32.000	214.000	1.000	1.000	89.000
33.000	216.000	1.000	1.000	89.000
34.000	218.000	1.000	1.000	89.000
35.000	220.000	1.000	1.000	89.000
36.000	221.000	1.000	1.000	95.000
37.000	222.000	1.000	1.000	95.000
38.000	223.000	1.000	1.000	95.000
39.000	224.000	1.000	1.000	95.000
40.000	225.000	1.000	1.000	95.000
41.000	226.000	1.000	1.000	95.000
42.000	227.000	1.000	1.000	95.000
43.000	228.000	1.000	1.000	95.000
44.000	229.000	1.000	1.000	95.000
45.000	230.000	1.000	1.000	100.000
46.000	231.000	1.000	1.000	100.000
47.000	232.000	1.000	1.000	100.000
48.000	233.000	1.000	1.000	100.000
49.000	234.000	1.000	1.000	100.000
50.000	235.000	1.000	1.000	100.000
51.000	236.000	1.000	1.000	100.000
52.000	237.000	1.000	1.000	100.000
53.000	238.000	1.000	1.000	100.000
54.000	239.000	1.000	1.000	100.000
55.000	239.000	1.000	1.000	105.000
56.000	239.000	1.000	1.000	105.000
57.000	239.000	1.000	1.000	105.000
58.000	239.000	1.000	1.000	105.000
59.000	239.000	1.000	1.000	105.000
60.000	239.000	1.000	1.000	105.000
61.000	239.000	1.000	1.000	105.000
62.000	239.000	1.000	1.000	105.000
63.000	239.000	1.000	1.000	105.000
64.000	239.000	1.000	1.000	105.000
65.000	239.000	1.000	1.000	105.000
66.000	239.000	1.000	1.000	105.000
67.000	239.000	1.000	1.000	105.000
68.000	239.000	1.000	1.000	105.000
69.000	239.000	1.000	1.000	105.000
70.000	239.000	1.000	1.000	105.000
71.000	239.000	1.000	1.000	105.000
72.000	239.000	1.000	1.000	105.000
73.000	239.000	1.000	1.000	105.000
74.000	239.000	1.000	1.000	105.000
75.000	239.000	1.000	1.000	105.000
76.000	239.000	1.000	1.000	105.000
77.000	239.000	1.000	1.000	105.000
78.000	239.000	1.000	1.000	105.000
79.000	239.000	1.000	1.000	105.000
80.000	239.000	1.000	1.000	105.000
81.000	239.000	1.000	1.000	105.000
82.000	239.000	1.000	1.000	105.000
83.000	239.000	1.000	1.000	105.000
84.000	239.000	1.000	1.000	105.000
85.000	239.000	1.000	1.000	105.000
86.000	239.000	1.000	1.000	105.000
87.000	239.000	1.000	1.000	105.000
88.000	239.000	1.000	1.000	105.000
89.000	239.000	1.000	1.000	105.000
90.000	239.000	1.000	1.000	105.000
91.000	239.000	1.000	1.000	105.000
92.000	239.000	1.000	1.000	105.000
93.000	239.000	1.000	1.000	105.000
94.000	239.000	1.000	1.000	105.000
95.000	239.000	1.000	1.000	105.000
96.000	239.000	1.000	1.000	105.000
97.000	239.000	1.000	1.000	105.000
98.000	239.000	1.000	1.000	105.000
99.000	239.000	1.000	1.000	105.000
100.000	239.000	1.000	1.000	105.000
101.000	239.000	1.000	1.000	105.000
102.000	239.000	1.000	1.000	105.000
103.000	239.000	1.000	1.000	105.000
104.000	239.000	1.000	1.000	105.000
105.000	239.000	1.000	1.000	105.000
106.000	239.000	1.000	1.000	105.000
107.000	239.000	1.000	1.000	105.000
108.000	239.000	1.000	1.000	105.000
109.000	239.000	1.000	1.000	105.000
110.000	239.000	1.000	1.000	105.000
111.000	239.000	1.000	1.000	105.000
112.000	239.000	1.000	1.000	105.000
113.000	239.000	1.000	1.000	105.000
114.000	239.000	1.000	1.000	105.000
115.000	239.000	1.000	1.000	105.000
116.000	239.000	1.000	1.000	105.000
117.000	239.000	1.000	1.000	105.000
118.000	239.000	1.000	1.000	105.000
119.000	239.000	1.000	1.000	105.000
120.000	239.000	1.000	1.000	105.000
121.000	239.000	1.000	1.000	105.000
122.000	239.000	1.000	1.000	105.000
123.000	239.000	1.000	1.000	105.000
124.000	239.000	1.000	1.000	105.000
125.000	239.000	1.000	1.000	105.000
126.000	239.000	1.000	1.000	105.000
127.000	239.000	1.000	1.000	105.000
128.000	239.000	1.000	1.000	105.000
129.000	239.000	1.000	1.000	105.000
130.000	239.000	1.000	1.000	105.000
131.000	239.000	1.000	1.000	105.000
132.000	239.000	1.000	1.000	105.000
133.000	239.000	1.000	1.000	105.000
134.000	239.000	1.000	1.000	105.000
135.000	239.000	1.000	1.000	105.000
136.000	239.000	1.000	1.000	105.000
137.000	239.000	1.000	1.000	105.000
138.000	239.000	1.000	1.000	105.000
139.000	239.000	1.000	1.000	105.000
140.000	239.000	1.000	1.000	105.000
141.000	239.000	1.000	1.000	105.000
142.000	239.000	1.000	1.000	105.000
143.000	239.000	1.000	1.000	105.000
144.000	239.000	1.000	1.000	105.000
145.000	239.000	1.000	1.000	105.000
146.000	239.000	1.000	1.000	105.000
147.000	239.000	1.000	1.000	105.000
148.000	239.000	1.000	1.000	105.000
149.000	239.000	1.000	1.000	105.000
150.000	239.000	1.000	1.000	105.000
151.000	239.000	1.000	1.000	105.000
152.000	239.000	1.000	1.000	105.000
153.000	239.000	1.000	1.000	105.000
154.000	239.000	1.000	1.000	105.000
155.000	239.000	1.000	1.000	105.000
156.000	239.000	1.000	1.000	105.000
157.000	239.000	1.000	1.000	105.000
158.000	239.000	1.000	1.000	105.000
159.000	239.000	1.000	1.000	105.000
160.000	239.000	1.000	1.000	105.000
161.000	239.000	1.000	1.000	105.000
162.000	239.000	1.000	1.000	105.000
163.000	239.000	1.000	1.000	105.000
164.000	239.000	1.000	1.000	105.000
165.000	239.000	1.000	1.000	105.000
166.000	239.000	1.000	1.000	105.000
167.000	239.000	1.000	1.000	105.000
168.000	239.000	1.000	1.000	105.000
169.000	239.000	1.000	1.000	105.000
170.000	239.000	1.000	1.000	105.000
171.000	239.000	1.000	1.000	105.000
172.000	239.000	1.000	1.000	105.000
173.000	239.000	1.000	1.000	105.000
174.000	239.000	1.000	1.000	105.000
175.000	239.000	1.000	1.000	105.000
176.000	239.000	1.000	1.000	105.000
177.000	239.000	1.000	1.000	105.000
178.000	239.000	1.000	1.000	105.000
179.000	239.000	1.000	1.000	105.000
180.000	239.000	1.000	1.000	105.000
181.000	239.000	1.000	1.000	105.000
182.000	239.000	1.000	1.000	105.000
183.000	239.000	1.000	1.000	105.000
184.000	239.000	1.000	1.000	105.000
185.000	239.000	1.000	1.000	105.000
186.000	239.000	1.000	1.000	105.000
187.000	239.000	1.000	1.000	105.000
188.000	238.000	1.000	1.000	105.000
189.000	237.000	1.000	1.000	105.000
190.000	236.000	1.000	1.000	105.000
191.000	235.000	1.000	1.000	105.000
192.000	234.000	1.000	1.000	105.000
193.000	233.000	1.000	1.000	105.000
194.000	232.000	1.000	1.000	105.000
195.000	231.000	1.000	1.000	105.000
196.000	230.000	1.000	1.000	105.000
197.000	229.000	1.000	1.000	105.000
198.000	228.000	1.000	1.000	105.000
199.000	229.000	1.000	1.000	99.000
200.000	230.000	1.000	1.000	99.000
201.000	231.000	1.000	1.000	99.000
202.000	232.000	1.000	1.000	99.000
203.000	233.000	1.000	1.000	99.000
204.000	234.000	1.000	1.000	99.000
205.000	235.000	1.000	1.000	99.000
206.000	234.000	1.000	1.000	104.000
207.000	233.000	1.000	1.000	104.000
208.000	232.000	1.000	1.000	104.000
209.000	231.000	1.000	1.000	104.000
210.000	230.000	1.000	1.000	104.000
211.000	229.000	1.000	1.000	104.000
212.000	228.000	1.000	1.000	104.000
213.000	227.000	1.000	1.000	104.000
214.000	228.000	1.000	1.000	99.000
215.000	229.000	1.000	1.000	99.000
216.000	230.000	1.000	1.000	99.000
217.000	231.000	1.000	1.000	99.000
218.000	232.000	1.000	1.000	99.000
219.000	233.000	1.000	1.000	99.000
220.000	234.000	1.000	1.000	99.000
221.000	235.000	1.000	1.000	99.000
222.000	236.000	1.000	1.000	99.000
223.000	237.000	1.000	1.000	99.000
224.000	236.000	1.000	1.000	104.000
225.000	235.000	1.000	1.000	104.000
226.000	234.000	1.000	1.000	104.000
227.000	233.000	1.000	1.000	104.000
228.000	232.000	1.000	1.000	104.000
229.000	231.000	1.000	1.000	104.000
230.000	230.000	1.000	1.000	104.000
231.000	229.000	1.000	1.000	104.000
232.000	228.000	1.000	1.000	104.000
233.000	227.000	1.000	1.000	104.000
234.000	226.000	1.000	1.000	104.000
235.000	227.000	1.000	1.000	99.000
236.000	228.000	1.000	1.000	99.000
237.000	229.000	1.000	1.000	99.000
238.000	230.000	1.000	1.000	99.000
239.000	231.000	1.000	1.000	99.000
240.000	232.000	1.000	1.000	99.000
241.000	233.000	1.000	1.000	99.000
242.000	234.000	1.000	1.000	99.000
243.000	235.000	1.000	1.000	99.000
244.000	236.000	1.000	1.000	99.000
245.000	235.000	1.000	1.000	104.000
246.000	234.000	1.000	1.000	104.000
247.000	233.000	1.000	1.000	104.000
248.000	232.000	1.000	1.000	104.000
249.000	231.000	1.000	1.000	104.000
250.000	230.000	1.000	1.000	104.000
251.000	229.000	1.000	1.000	104.000
252.000	228.000	1.000	1.000	104.000
253.000	227.000	1.000	1.000	104.000
254.000	226.000	1.000	1.000	104.000
255.000	227.000	1.000	1.000	98.000
256.000	228.000	1.000	1.000	98.000
257.000	229.000	1.000	1.000	98.000
258.000	230.000	1.000	1.000	98.000
259.000	231.000	1.000	1.000	98.000
260.000	232.000	1.000	1.000	98.000
261.000	233.000	1.000	1.000	98.000
262.000	234.000	1.000	1.000	98.000
263.000	235.000	1.000	1.000	98.000
264.000	234.000	1.000	1.000	104.000
265.000	233.000	1.000	1.000	104.000
266.000	232.000	1.000	1.000	104.000
267.000	231.000	1.000	1.000	104.000
268.000	230.000	1.000	1.000	104.000
269.000	229.000	1.000	1.000	104.000
270.000	228.000	1.000	1.000	104.000
271.000	229.000	1.000	1.000	99.000
272.000	229.000	1.000	1.000	99.000
273.000	229.000	1.000	1.000	99.000
274.000	229.000	1.000	1.000	99.000
275.000	229.000	1.000	1.000	99.000
276.000	229.000	1.000	1.000	99.000
277.000	229.000	1.000	1.000	99.000
278.000	229.000	1.000	1.000	99.000
279.000	229.000	1.000	1.000	99.000
280.000	229.000	1.000	1.000	99.000
281.000	229.000	1.000	1.000	99.000
282.000	229.000	1.000	1.000	99.000
283.000	229.000	1.000	1.000	99.000
284.000	229.000	1.000	1.000	99.000
285.000	229.000	1.000	1.000	99.000
286.000	229.000	1.000	1.000	99.000
287.000	229.000	1.000	1.000	99.000
288.000	229.000	1.000	1.000	99.000
289.000	229.000	1.000	1.000	99.000
290.000	229.000	1.000	1.000	99.000
291.000	229.000	1.000	1.000	99.000
292.000	229.000	1.000	1.000	99.000
293.000	229.000	1.000	1.000	99.000
294.000	229.000	1.000	1.000	99.000
295.000	229.000	1.000	1.000	99.000
296.000	229.000	1.000	1.000	99.000
297.000	229.000	1.000	1.000	99.000
298.000	229.000	1.000	1.000	99.000
299.000	229.000	1.000	1.000	99.000
300.000	229.000	1.000	1.000	99.000
301.000	229.000	1.000	1.000	99.000
302.000	229.000	1.000	1.000	99.000
303.000	229.000	1.000	1.000	99.000
304.000	230.000	1.000	1.000	99.000
305.000	231.000	1.000	1.000	99.000
306.000	232.000	1.000	1.000	99.000
307.000	233.000	1.000	1.000	99.000
308.000	234.000	1.000	1.000	99.000
309.000	235.000	1.000	1.000	99.000
310.000	236.000	1.000	1.000	99.000
311.000	235.000	1.000	1.000	104.000
312.000	234.000	1.000	1.000	104.000
313.000	233.000	1.000	1.000	104.000
314.000	232.000	1.000	1.000	104.000
315.000	231.000	1.000	1.000	104.000
316.000	230.000	1.000	1.000	104.000
317.000	229.000	1.000	1.000	104.000
318.000	228.000	1.000	1.000	104.000
319.000	227.000	1.000	1.000	104.000
320.000	226.000	1.000	1.000	104.000
321.000	227.000	1.000	1.000	99.000
322.000	227.000	1.000	1.000	99.000
323.000	227.000	1.000	1.000	99.000
324.000	227.000	1.000	1.000	99.000
325.000	227.000	1.000	1.000	99.000
326.000	227.000	1.000	1.000	99.000
327.000	227.000	1.000	1.000	99.000
328.000	227.000	1.000	1.000	99.000
329.000	227.000	1.000	1.000	99.000
330.000	227.000	1.000	1.000	99.000
331.000	227.000	1.000	1.000	99.000
332.000	227.000	1.000	1.000	99.000
333.000	227.000	1.000	1.000	99.000
334.000	227.000	1.000	1.000	99.000
335.000	227.000	1.000	1.000	99.000
336.000	227.000	1.000	1.000	99.000
337.000	227.000	1.000	1.000	99.000
338.000	227.000	1.000	1.000	99.000
339.000	227.000	1.000	1.000	99.000
340.000	227.000	1.000	1.000	99.000
341.000	227.000	1.000	1.000	99.000
342.000	227.000	1.000	1.000	99.000
343.000	227.000	1.000	1.000	99.000
344.000	227.000	1.000	1.000	99.000
345.000	227.000	1.000	1.000	99.000
346.000	227.000	1.000	1.000	99.000
347.000	227.000	1.000	1.000	99.000
348.000	227.000	1.000	1.000	99.000
349.000	227.000	1.000	1.000	99.000
350.000	227.000	1.000	1.000	99.000
351.000	227.000	1.000	1.000	99.000
352.000	227.000	1.000	1.000	99.000
353.000	227.000	1.000	1.000	99.000
354.000	228.000	1.000	1.000	99.000
355.000	229.000	1.000	1.000	99.000
356.000	230.000	1.000	1.000	99.000
357.000	231.000	1.000	1.000	99.000
358.000	232.000	1.000	1.000	99.000
359.000	233.000	1.000	1.000	99.000
360.000	234.000	1.000	1.000	99.000
361.000	235.000	1.000	1.000	99.000
362.000	236.000	1.000	1.000	99.000
363.000	235.000	1.000	1.000	104.000
364.000	234.000	1.000	1.000	104.000
365.000	233.000	1.000	1.000	104.000
366.000	232.000	1.000	1.000	104.000
367.000	231.000	1.000	1.000	104.000
368.000	230.000	1.000	1.000	104.000
369.000	229.000	1.000	1.000	104.000
370.000	228.000	1.000	1.000	104.000
371.000	227.000	1.000	1.000	104.000
372.000	226.000	1.000	1.000	104.000
373.000	227.000	1.000	1.000	99.000
374.000	227.000	1.000	1.000	99.000
375.000	227.000	1.000	1.000	99.000
376.000	227.000	1.000	1.000	99.000
377.000	227.000	1.000	1.000	99.000
378.000	227.000	1.000	1.000	99.000
379.000	227.000	1.000	1.000	99.000
380.000	227.000	1.000	1.000	99.000
381.000	227.000	1.000	1.000	99.000
382.000	227.000	1.000	1.000	99.000
383.000	227.000	1.000	1.000	99.000
384.000	227.000	1.000	1.000	99.000
385.000	227.000	1.000	1.000	99.000
386.000	227.000	1.000	1.000	99.000
387.000	227.000	1.000	1.000	99.000
388.000	227.000	1.000	1.000	99.000
389.000	227.000	1.000	1.000	99.000
390.000	227.000	1.000	1.000	99.000
391.000	227.000	1.000	1.000	99.000
392.000	227.000	1.000	1.000	99.000
393.000	227.000	1.000	1.000	99.000
394.000	227.000	1.000	1.000	99.000
395.000	227.000	1.000	1.000	99.000
396.000	227.000	1.000	1.000	99.000
397.000	227.000	1.000	1.000	99.000
398.000	227.000	1.000	1.000	99.000
399.000	227.000	1.000	1.000	99.000
400.000	227.000	1.000	1.000	99.000
401.000	227.000	1.000	1.000	99.000
402.000	227.000	1.000	1.000	99.000
403.000	227.000	1.000	1.000	99.000
404.000	228.000	1.000	1.000	99.000
405.000	229.000	1.000	1.000	99.000
406.000	230.000	1.000	1.000	99.000
407.000	231.000	1.000	1.000	99.000
408.000	232.000	1.000	1.000	99.000
409.000	233.000	1.000	1.000	99.000
410.000	234.000	1.000	1.000	99.000
411.000	235.000	1.000	1.000	99.000
412.000	234.000	1.000	1.000	104.000
413.000	233.000	1.000	1.000	104.000
414.000	232.000	1.000	1.000	104.000
415.000	231.000	1.000	1.000	104.000
416.000	230.000	1.000	1.000	104.000
417.000	229.000	1.000	1.000	104.000
418.000	228.000	1.000	1.000	104.000
419.000	227.000	1.000	1.000	104.000
420.000	226.000	1.000	1.000	104.000
421.000	227.000	1.000	1.000	99.000
422.000	227.000	1.000	1.000	99.000
423.000	227.000	1.000	1.000	99.000
424.000	227.000	1.000	1.000	99.000
425.000	227.000	1.000	1.000	99.000
426.000	227.000	1.000	1.000	99.000
427.000	227.000	1.000	1.000	99.000
428.000	227.000	1.000	1.000	99.000
429.000	227.000	1.000	1.000	99.000
430.000	227.000	1.000	1.000	99.000
431.000	227.000	1.000	1.000	99.000
432.000	227.000	1.000	1.000	99.000
433.000	227.000	1.000	1.000	99.000
434.000	227.000	1.000	1.000	99.000
435.000	227.000	1.000	1.000	99.000
436.000	227.000	1.000	1.000	99.000
437.000	227.000	1.000	1.000	99.000
438.000	227.000	1.000	1.000	99.000
439.000	227.000	1.000	1.000	99.000
440.000	227.000	1.000	1.000	99.000
441.000	227.000	1.000	1.000	99.000
442.000	227.000	1.000	1.000	99.000
443.000	227.000	1.000	1.000	99.000
444.000	227.000	1.000	1.000	99.000
445.000	227.000	1.000	1.000	99.000
446.000	227.000	1.000	1.000	99.000
447.000	227.000	1.000	1.000	99.000
448.000	227.000	1.000	1.000	99.000
449.000	228.000	1.000	1.000	99.000
450.000	229.000	1.000	1.000	99.000
451.000	230.000	1.000	1.000	99.000
452.000	231.000	1.000	1.000	99.000
453.000	232.000	1.000	1.000	99.000
454.000	233.000	1.000	1.000	99.000
455.000	234.000	1.000	1.000	99.000
456.000	235.000	1.000	1.000	99.000
457.000	236.000	1.000	1.000	99.000
458.000	235.000	1.000	1.000	104.000
459.000	234.000	1.000	1.000	104.000
460.000	233.000	1.000	1.000	104.000
461.000	232.000	1.000	1.000	104.000
462.000	231.000	1.000	1.000	104.000
463.000	230.000	1.000	1.000	104.000
464.000	229.000	1.000	1.000	104.000
465.000	228.000	1.000	1.000	104.000
466.000	227.000	1.000	1.000	104.000
467.000	228.000	1.000	1.000	99.000
468.000	228.000	1.000	1.000	99.000
469.000	228.000	1.000	1.000	99.000
470.000	228.000	1.000	1.000	99.000
471.000	228.000	1.000	1.000	99.000
472.000	228.000	1.000	1.000	99.000
473.000	228.000	1.000	1.000	99.000
474.000	228.000	1.000	1.000	99.000
475.000	228.000	1.000	1.000	99.000
476.000	228.000	1.000	1.000	99.000
477.000	228.000	1.000	1.000	99.000
478.000	228.000	1.000	1.000	99.000
479.000	228.000	1.000	1.000	99.000
480.000	228.000	1.000	1.000	99.000
481.000	228.000	1.000	1.000	99.000
482.000	228.000	1.000	1.000	99.000
483.000	228.000	1.000	1.000	99.000
484.000	228.000	1.000	1.000	99.000
485.000	228.000	1.000	1.000	99.000
486.000	228.000	1.000	1.000	99.000
487.000	228.000	1.000	1.000	99.000
488.000	228.000	1.000	1.000	99.000
489.000	228.000	1.000	1.000	99.000
490.000	228.000	1.000	1.000	99.000
491.000	228.000	1.000	1.000	99.000
492.000	228.000	1.000	1.000	99.000
493.000	228.000	1.000	1.000	99.000
494.000	229.000	1.000	1.000	99.000
495.000	230.000	1.000	1.000	99.000
496.000	231.000	1.000	1.000	99.000
497.000	232.000	1.000	1.000	99.000
498.000	233.000	1.000	1.000	99.000
499.000	234.000	1.000	1.000	99.000
500.000	251.000	1.000	1.000	24.000
501.000	243.000	1.000	1.000	103.000
502.000	242.000	1.000	1.000	103.000
503.000	241.000	1.000	1.000	103.000
504.000	240.000	1.000	1.000	103.000
505.000	239.000	1.000	1.000	103.000
506.000	238.000	1.000	1.000	103.000
507.000	237.000	1.000	1.000	103.000
508.000	236.000	1.000	1.000	103.000
509.000	235.000	1.000	1.000	103.000
510.000	234.000	1.000	1.000	103.000
511.000	233.000	1.000	1.000	103.000
512.000	232.000	1.000	1.000	103.000
513.000	231.000	1.000	1.000	103.000
514.000	230.000	1.000	1.000	103.000
515.000	229.000	1.000	1.000	103.000
516.000	228.000	1.000	1.000	103.000
517.000	227.000	1.000	1.000	103.000
518.000	226.000	1.000	1.000	103.000
519.000	225.000	1.000	1.000	103.000
520.000	224.000	1.000	1.000	103.000
521.000	223.000	1.000	1.000	103.000
522.000	224.000	1.000	1.000	98.000
523.000	225.000	1.000	1.000	98.000
524.000	226.000	1.000	1.000	98.000
525.000	227.000	1.000	1.000	98.000
526.000	228.000	1.000	1.000	98.000
527.000	229.000	1.000	1.000	98.000
528.000	230.000	1.000	1.000	98.000
529.000	231.000	1.000	1.000	98.000
530.000	232.000	1.000	1.000	98.000
531.000	233.000	1.000	1.000	98.000
532.000	232.000	1.000	1.000	103.000
533.000	231.000	1.000	1.000	103.000
534.000	230.000	1.000	1.000	103.000
535.000	229.000	1.000	1.000	103.000
536.000	228.000	1.000	1.000	103.000
537.000	227.000	1.000	1.000	103.000
538.000	226.000	1.000	1.000	103.000
539.000	225.000	1.000	1.000	103.000
540.000	224.000	1.000	1.000	103.000
541.000	223.000	1.000	1.000	103.000
542.000	224.000	1.000	1.000	98.000
543.000	225.000	1.000	1.000	98.000
544.000	226.000	1.000	1.000	98.000
545.000	227.000	1.000	1.000	98.000
546.000	228.000	1.000	1.000	98.000
547.000	229.000	1.000	1.000	98.000
548.000	230.000	1.000	1.000	98.000
549.000	231.000	1.000	1.000	98.000
550.000	232.000	1.000	1.000	98.000
551.000	233.000	1.000	1.000	98.000
552.000	232.000	1.000	1.000	103.000
553.000	231.000	1.000	1.000	103.000
554.000	230.000	1.000	1.000	103.000
555.000	229.000	1.000	1.000	103.000
556.000	228.000	1.000	1.000	103.000
557.000	227.000	1.000	1.000	103.000
558.000	226.000	1.000	1.000	103.000
559.000	225.000	1.000	1.000	103.000
560.000	224.000	1.000	1.000	103.000
561.000	223.000	1.000	1.000	103.000
562.000	224.000	1.000	1.000	98.000
563.000	225.000	1.000	1.000	98.000
564.000	226.000	1.000	1.000	98.000
565.000	227.000	1.000	1.000	98.000
566.000	228.000	1.000	1.000	98.000
567.000	229.000	1.000	1.000	98.000
568.000	230.000	1.000	1.000	98.000
569.000	231.000	1.000	1.000	98.000
570.000	232.000	1.000	1.000	98.000
571.000	233.000	1.000	1.000	98.000
572.000	232.000	1.000	1.000	103.000
573.000	231.000	1.000	1.000	103.000
574.000	230.000	1.000	1.000	103.000
575.000	229.000	1.000	1.000	103.000
576.000	228.000	1.000	1.000	103.000
577.000	227.000	1.000	1.000	103.000
578.000	226.000	1.000	1.000	103.000
579.000	225.000	1.000	1.000	103.000
580.000	224.000	1.000	1.000	103.000
581.000	225.000	1.000	1.000	98.000
582.000	226.000	1.000	1.000	98.000
583.000	227.000	1.000	1.000	98.000
584.000	228.000	1.000	1.000	98.000
585.000	229.000	1.000	1.000	98.000
586.000	230.000	1.000	1.000	98.000
587.000	231.000	1.000	1.000	98.000
588.000	232.000	1.000	1.000	98.000
589.000	233.000	1.000	1.000	98.000
590.000	234.000	1.000	1.000	98.000
591.000	233.000	1.000	1.000	103.000
592.000	232.000	1.000	1.000	103.000
593.000	231.000	1.000	1.000	103.000
594.000	230.000	1.000	1.000	103.000
595.000	229.000	1.000	1.000	103.000
596.000	228.000	1.000	1.000	103.000
597.000	227.000	1.000	1.000	103.000
598.000	226.000	1.000	1.000	103.000
599.000	225.000	1.000	1.000	103.000
600.000	226.000	1.000	1.000	98.000
601.000	227.000	1.000	1.000	98.000
602.000	228.000	1.000	1.000	98.000
603.000	229.000	1.000	1.000	98.000
604.000	230.000	1.000	1.000	98.000
605.000	231.000	1.000	1.000	98.000
606.000	232.000	1.000	1.000	98.000
607.000	233.000	1.000	1.000	98.000
608.000	232.000	1.000	1.000	103.000
609.000	231.000	1.000	1.000	103.000
610.000	230.000	1.000	1.000	103.000
611.000	229.000	1.000	1.000	103.000
612.000	228.000	1.000	1.000	103.000
613.000	227.000	1.000	1.000	103.000
614.000	226.000	1.000	1.000	103.000
615.000	225.000	1.000	1.000	103.000
616.000	224.000	1.000	1.000	103.000
617.000	223.000	1.000	1.000	103.000
618.000	224.000	1.000	1.000	97.000
619.000	225.000	1.000	1.000	97.000
620.000	226.000	1.000	1.000	97.000
621.000	227.000	1.000	1.000	97.000
622.000	228.000	1.000	1.000	97.000
623.000	229.000	1.000	1.000	97.000
624.000	230.000	1.000	1.000	97.000
625.000	231.000	1.000	1.000	97.000
626.000	230.000	1.000	1.000	102.000
627.000	229.000	1.000	1.000	102.000
628.000	228.000	1.000	1.000	102.000
629.000	227.000	1.000	1.000	102.000
630.000	226.000	1.000	1.000	102.000
631.000	225.000	1.000	1.000	102.000
632.000	224.000	1.000	1.000	102.000
633.000	223.000	1.000	1.000	102.000
634.000	222.000	1.000	1.000	102.000
635.000	223.000	1.000	1.000	97.000
636.000	224.000	1.000	1.000	97.000
637.000	225.000	1.000	1.000	97.000
638.000	226.000	1.000	1.000	97.000
639.000	227.000	1.000	1.000	97.000
640.000	228.000	1.000	1.000	97.000
641.000	229.000	1.000	1.000	97.000
642.000	230.000	1.000	1.000	97.000
643.000	231.000	1.000	1.000	97.000
644.000	230.000	1.000	1.000	102.000
645.000	229.000	1.000	1.000	102.000
646.000	228.000	1.000	1.000	102.000
647.000	227.000	1.000	1.000	102.000
648.000	226.000	1.000	1.000	102.000
649.000	225.000	1.000	1.000	102.000
650.000	224.000	1.000	1.000	102.000
651.000	223.000	1.000	1.000	102.000
652.000	222.000	1.000	1.000	102.000
653.000	223.000	1.000	1.000	97.000
654.000	224.000	1.000	1.000	97.000
655.000	225.000	1.000	1.000	97.000
656.000	226.000	1.000	1.000	97.000
657.000	227.000	1.000	1.000	97.000
658.000	228.000	1.000	1.000	97.000
659.000	229.000	1.000	1.000	97.000
660.000	230.000	1.000	1.000	97.000
661.000	231.000	1.000	1.000	97.000
662.000	232.000	1.000	1.000	97.000
663.000	231.000	1.000	1.000	102.000
664.000	230.000	1.000	1.000	102.000
665.000	229.000	1.000	1.000	102.000
666.000	228.000	1.000	1.000	102.000
667.000	227.000	1.000	1.000	102.000
668.000	226.000	1.000	1.000	102.000
669.000	225.000	1.000	1.000	102.000
670.000	224.000	1.000	1.000	102.000
671.000	223.000	1.000	1.000	102.000
672.000	222.000	1.000	1.000	102.000
673.000	223.000	1.000	1.000	97.000
674.000	224.000	1.000	1.000	97.000
675.000	225.000	1.000	1.000	97.000
676.000	226.000	1.000	1.000	97.000
677.000	227.000	1.000	1.000	97.000
678.000	228.000	1.000	1.000	97.000
679.000	229.000	1.000	1.000	97.000
680.000	230.000	1.000	1.000	97.000
681.000	231.000	1.000	1.000	97.000
682.000	230.000	1.000	1.000	102.000
683.000	229.000	1.000	1.000	102.000
684.000	228.000	1.000	1.000	102.000
685.000	227.000	1.000	1.000	102.000
686.000	226.000	1.000	1.000	102.000
687.000	225.000	1.000	1.000	102.000
688.000	224.000	1.000	1.000	102.000
689.000	223.000	1.000	1.000	102.000
690.000	222.000	1.000	1.000	102.000
691.000	221.000	1.000	1.000	102.000
692.000	222.000	1.000	1.000	96.000
693.000	223.000	1.000	1.000	96.000
694.000	224.000	1.000	1.000	96.000
695.000	225.000	1.000	1.000	96.000
696.000	226.000	1.000	1.000	96.000
697.000	227.000	1.000	1.000	96.000
698.000	228.000	1.000	1.000	96.000
699.000	229.000	1.000	1.000	96.000
700.000	230.000	1.000	1.000	96.000
701.000	229.000	1.000	1.000	101.000
702.000	228.000	1.000	1.000	101.000
703.000	227.000	1.000	1.000	101.000
704.000	226.000	1.000	1.000	101.000
705.000	225.000	1.000	1.000	101.000
706.000	224.000	1.000	1.000	101.000
707.000	223.000	1.000	1.000	101.000
708.000	222.000	1.000	1.000	101.000
709.000	221.000	1.000	1.000	101.000
710.000	220.000	1.000	1.000	101.000
711.000	221.000	1.000	1.000	96.000
712.000	222.000	1.000	1.000	96.000
713.000	223.000	1.000	1.000	96.000
714.000	224.000	1.000	1.000	96.000
715.000	225.000	1.000	1.000	96.000
716.000	226.000	1.000	1.000	96.000
717.000	227.000	1.000	1.000	96.000
718.000	228.000	1.000	1.000	96.000
719.000	227.000	1.000	1.000	101.000
720.000	227.000	1.000	1.000	101.000
721.000	227.000	1.000	1.000	101.000
722.000	227.000	1.000	1.000	101.000
723.000	227.000	1.000	1.000	101.000
724.000	227.000	1.000	1.000	101.000
725.000	227.000	1.000	1.000	101.000
726.000	227.000	1.000	1.000	101.000
727.000	227.000	1.000	1.000	101.000
728.000	227.000	1.000	1.000	101.000
729.000	227.000	1.000	1.000	101.000
730.000	227.000	1.000	1.000	101.000
731.000	227.000	1.000	1.000	101.000
732.000	227.000	1.000	1.000	101.000
733.000	227.000	1.000	1.000	101.000
734.000	227.000	1.000	1.000	101.000
735.000	227.000	1.000	1.000	101.000
736.000	227.000	1.000	1.000	101.000
737.000	227.000	1.000	1.000	101.000
738.000	226.000	1.000	1.000	101.000
739.000	225.000	1.000	1.000	101.000
740.000	224.000	1.000	1.000	101.000
741.000	223.000	1.000	1.000	101.000
742.000	222.000	1.000	1.000	101.000
743.000	221.000	1.000	1.000	101.000
744.000	220.000	1.000	1.000	101.000
745.000	221.000	1.000	1.000	96.000
746.000	222.000	1.000	1.000	96.000
747.000	223.000	1.000	1.000	96.000
748.000	224.000	1.000	1.000	96.000
749.000	225.000	1.000	1.000	96.000
750.000	226.000	1.000	1.000	96.000
751.000	227.000	1.000	1.000	96.000
752.000	228.000	1.000	1.000	96.000
753.000	229.000	1.000	1.000	96.000
754.000	230.000	1.000	1.000	96.000
755.000	229.000	1.000	1.000	101.000
756.000	229.000	1.000	1.000	101.000
757.000	229.000	1.000	1.000	101.000
758.000	229.000	1.000	1.000	101.000
759.000	229.000	1.000	1.000	101.000
760.000	229.000	1.000	1.000	101.000
761.000	229.000	1.000	1.000	101.000
762.000	229.000	1.000	1.000	101.000
763.000	229.000	1.000	1.000	101.000
764.000	229.000	1.000	1.000	101.000
765.000	229.000	1.000	1.000	101.000
766.000	229.000	1.000	1.000	101.000
767.000	229.000	1.000	1.000	101.000
768.000	229.000	1.000	1.000	101.000
769.000	229.000	1.000	1.000	101.000
770.000	229.000	1.000	1.000	101.000
771.000	229.000	1.000	1.000	101.000
772.000	229.000	1.000	1.000	101.000
773.000	229.000	1.000	1.000	101.000
774.000	229.000	1.000	1.000	101.000
775.000	229.000	1.000	1.000	101.000
776.000	229.000	1.000	1.000	101.000
777.000	229.000	1.000	1.000	101.000
778.000	229.000	1.000	1.000	101.000
779.000	229.000	1.000	1.000	101.000
780.000	229.000	1.000	1.000	101.000
781.000	229.000	1.000	1.000	101.000
782.000	229.000	1.000	1.000	101.000
783.000	229.000	1.000	1.000	101.000
784.000	229.000	1.000	1.000	101.000
785.000	229.000	1.000	1.000	101.000
786.000	229.000	1.000	1.000	101.000
787.000	229.000	1.000	1.000	101.000
788.000	228.000	1.000	1.000	101.000
789.000	227.000	1.000	1.000	101.000
790.000	226.000	1.000	1.000	101.000
791.000	225.000	1.000	1.000	101.000
792.000	224.000	1.000	1.000	101.000
793.000	223.000	1.000	1.000	101.000
794.000	222.000	1.000	1.000	101.000
795.000	221.000	1.000	1.000	101.000
796.000	220.000	1.000	1.000	101.000
797.000	219.000	1.000	1.000	101.000
798.000	220.000	1.000	1.000	96.000
799.000	221.000	1.000	1.000	96.000
800.000	222.000	1.000	1.000	96.000
801.000	223.000	1.000	1.000	96.000
802.000	224.000	1.000	1.000	96.000
803.000	225.000	1.000	1.000	96.000
804.000	226.000	1.000	1.000	96.000
805.000	227.000	1.000	1.000	96.000
806.000	228.000	1.000	1.000	96.000
807.000	229.000	1.000	1.000	96.000
808.000	228.000	1.000	1.000	101.000
809.000	228.000	1.000	1.000	101.000
810.000	228.000	1.000	1.000	101.000
811.000	228.000	1.000	1.000	101.000
812.000	228.000	1.000	1.000	101.000
813.000	228.000	1.000	1.000	101.000
814.000	228.000	1.000	1.000	101.000
815.000	228.000	1.000	1.000	101.000
816.000	228.000	1.000	1.000	101.000
817.000	228.000	1.000	1.000	101.000
818.000	228.000	1.000	1.000	101.000
819.000	228.000	1.000	1.000	101.000
820.000	228.000	1.000	1.000	101.000
821.000	228.000	1.000	1.000	101.000
822.000	228.000	1.000	1.000	101.000
823.000	228.000	1.000	1.000	101.000
824.000	228.000	1.000	1.000	101.000
825.000	228.000	1.000	1.000	101.000
826.000	228.000	1.000	1.000	101.000
827.000	228.000	1.000	1.000	101.000
828.000	228.000	1.000	1.000	101.000
829.000	228.000	1.000	1.000	101.000
830.000	228.000	1.000	1.000	101.000
831.000	228.000	1.000	1.000	101.000
832.000	228.000	1.000	1.000	101.000
833.000	228.000	1.000	1.000	101.000
834.000	228.000	1.000	1.000	101.000
835.000	228.000	1.000	1.000	101.000
836.000	228.000	1.000	1.000	101.000
837.000	228.000	1.000	1.000	101.000
838.000	228.000	1.000	1.000	101.000
839.000	227.000	1.000	1.000	101.000
840.000	226.000	1.000	1.000	101.000
841.000	225.000	1.000	1.000	101.000
842.000	224.000	1.000	1.000	101.000
843.000	223.000	1.000	1.000	101.000
844.000	222.000	1.000	1.000	101.000
845.000	221.000	1.000	1.000	101.000
846.000	220.000	1.000	1.000	101.000
847.000	221.000	1.000	1.000	96.000
848.000	222.000	1.000	1.000	96.000
849.000	223.000	1.000	1.000	96.000
850.000	224.000	1.000	1.000	96.000
851.000	225.000	1.000	1.000	96.000
852.000	226.000	1.000	1.000	96.000
853.000	227.000	1.000	1.000	96.000
854.000	228.000	1.000	1.000	96.000
855.000	229.000	1.000	1.000	96.000
856.000	230.000	1.000	1.000	96.000
857.000	229.000	1.000	1.000	102.000
858.000	229.000	1.000	1.000	102.000
859.000	229.000	1.000	1.000	102.000
860.000	229.000	1.000	1.000	102.000
861.000	229.000	1.000	1.000	102.000
862.000	229.000	1.000	1.000	102.000
863.000	228.000	1.000	1.000	102.000
864.000	227.000	1.000	1.000	102.000
865.000	226.000	1.000	1.000	102.000
866.000	225.000	1.000	1.000	102.000
867.000	224.000	1.000	1.000	102.000
868.000	223.000	1.000	1.000	102.000
869.000	222.000	1.000	1.000	102.000
870.000	223.000	1.000	1.000	97.000
871.000	224.000	1.000	1.000	97.000
872.000	225.000	1.000	1.000	97.000
873.000	226.000	1.000	1.000	97.000
874.000	227.000	1.000	1.000	97.000
875.000	228.000	1.000	1.000	97.000
876.000	229.000	1.000	1.000	97.000
877.000	230.000	1.000	1.000	97.000
878.000	231.000	1.000	1.000	97.000
879.000	230.000	1.000	1.000	102.000
880.000	230.000	1.000	1.000	102.000
881.000	230.000	1.000	1.000	102.000
882.000	230.000	1.000	1.000	102.000
883.000	230.000	1.000	1.000	102.000
884.000	230.000	1.000	1.000	102.000
885.000	229.000	1.000	1.000	102.000
886.000	228.000	1.000	1.000	102.000
887.000	227.000	1.000	1.000	102.000
888.000	226.000	1.000	1.000	102.000
889.000	225.000	1.000	1.000	102.000
890.000	224.000	1.000	1.000	102.000
891.000	223.000	1.000	1.000	102.000
892.000	222.000	1.000	1.000	102.000
893.000	221.000	1.000	1.000	102.000
894.000	220.000	1.000	1.000	102.000
895.000	221.000	1.000	1.000	96.000
896.000	222.000	1.000	1.000	96.000
897.000	223.000	1.000	1.000	96.000
898.000	224.000	1.000	1.000	96.000
899.000	225.000	1.000	1.000	96.000
900.000	226.000	1.000	1.000	96.000
901.000	227.000	1.000	1.000	96.000
902.000	228.000	1.000	1.000	96.000
903.000	229.000	1.000	1.000	96.000
904.000	228.000	1.000	1.000	101.000
905.000	228.000	1.000	1.000	101.000
906.000	228.000	1.000	1.000	101.000
907.000	228.000	1.000	1.000	101.000
908.000	228.000	1.000	1.000	101.000
909.000	228.000	1.000	1.000	101.000
910.000	228.000	1.000	1.000	101.000
911.000	228.000	1.000	1.000	101.000
912.000	228.000	1.000	1.000	101.000
913.000	228.000	1.000	1.000	101.000
914.000	228.000	1.000	1.000	101.000
915.000	228.000	1.000	1.000	101.000
916.000	228.000	1.000	1.000	101.000
917.000	228.000	1.000	1.000	101.000
918.000	228.000	1.000	1.000	101.000
919.000	228.000	1.000	1.000	101.000
920.000	228.000	1.000	1.000	101.000
921.000	228.000	1.000	1.000	101.000
922.000	228.000	1.000	1.000	101.000
923.000	228.000	1.000	1.000	101.000
924.000	228.000	1.000	1.000	101.000
925.000	228.000	1.000	1.000	101.000
926.000	228.000	1.000	1.000	101.000
927.000	228.000	1.000	1.000	101.000
928.000	228.000	1.000	1.000	101.000
929.000	228.000	1.000	1.000	101.000
930.000	228.000	1.000	1.000	101.000
931.000	228.000	1.000	1.000	101.000
932.000	228.000	1.000	1.000	101.000
933.000	228.000	1.000	1.000	101.000
934.000	228.000	1.000	1.000	101.000
935.000	228.000	1.000	1.000	101.000
936.000	228.000	1.000	1.000	101.000
937.000	228.000	1.000	1.000	101.000
938.000	228.000	1.000	1.000	101.000
939.000	228.000	1.000	1.000	101.000
940.000	228.000	1.000	1.000	101.000
941.000	227.000	1.000	1.000	101.000
942.000	226.000	1.000	1.000	101.000
943.000	225.000	1.000	1.000	101.000
944.000	224.000	1.000	1.000	101.000
945.000	223.000	1.000	1.000	101.000
946.000	222.000	1.000	1.000	101.000
947.000	221.000	1.000	1.000	101.000
948.000	220.000	1.000	1.000	101.000
949.000	219.000	1.000	1.000	101.000
950.000	220.000	1.000	1.000	95.000
951.000	221.000	1.000	1.000	95.000
952.000	222.000	1.000	1.000	95.000
953.000	223.000	1.000	1.000	95.000
954.000	224.000	1.000	1.000	95.000
955.000	225.000	1.000	1.000	95.000
956.000	226.000	1.000	1.000	95.000
957.000	227.000	1.000	1.000	95.000
958.000	227.000	1.000	1.000	100.000
959.000	228.000	1.000	1.000	100.000
960.000	229.000	1.000	1.000	100.000
961.000	230.000	1.000	1.000	100.000
962.000	231.000	1.000	1.000	100.000
963.000	232.000	1.000	1.000	100.000
964.000	233.000	1.000	1.000	100.000
965.000	234.000	1.000	1.000	100.000
966.000	235.000	1.000	1.000	100.000
967.000	236.000	1.000	1.000	100.000
968.000	235.000	1.000	1.000	105.000
969.000	234.000	1.000	1.000	105.000
970.000	233.000	1.000	1.000	105.000
971.000	232.000	1.000	1.000	105.000
972.000	231.000	1.000	1.000	105.000
973.000	230.000	1.000	1.000	105.000
974.000	229.000	1.000	1.000	105.000
975.000	228.000	1.000	1.000	105.000
976.000	227.000	1.000	1.000	105.000
977.000	226.000	1.000	1.000	105.000
978.000	227.000	1.000	1.000	100.000
979.000	228.000	1.000	1.000	100.000
980.000	229.000	1.000	1.000	100.000
981.000	230.000	1.000	1.000	100.000
982.000	231.000	1.000	1.000	100.000
983.000	232.000	1.000	1.000	100.000
984.000	233.000	1.000	1.000	100.000
985.000	234.000	1.000	1.000	100.000
986.000	235.000	1.000	1.000	100.000
987.000	234.000	1.000	1.000	105.000
988.000	233.000	1.000	1.000	105.000
989.000	232.000	1.000	1.000	105.000
990.000	231.000	1.000	1.000	105.000
991.000	230.000	1.000	1.000	105.000
992.000	229.000	1.000	1.000	105.000
993.000	228.000	1.000	1.000	105.000
994.000	227.000	1.000	1.000	105.000
995.000	226.000	1.000	1.000	105.000
996.000	227.000	1.000	1.000	100.000
997.000	227.000	1.000	1.000	100.000
998.000	227.000	1.000	1.000	100.000
999.000	227.000	1.000	1.000	100.000
1000.000	235.000	1.000	1.000	66.000
1001.000	232.000	1.000	1.000	100.000
1002.000	232.000	1.000	1.000	100.000
1003.000	232.000	1.000	1.000	100.000
1004.000	232.000	1.000	1.000	100.000
1005.000	232.000	1.000	1.000	100.000
1006.000	232.000	1.000	1.000	100.000
1007.000	232.000	1.000	1.000	100.000
1008.000	232.000	1.000	1.000	100.000
1009.000	232.000	1.000	1.000	100.000
1010.000	232.000	1.000	1.000	100.000
1011.000	232.000	1.000	1.000	100.000
1012.000	232.000	1.000	1.000	100.000
1013.000	232.000	1.000	1.000	100.000
1014.000	232.000	1.000	1.000	100.000
1015.000	232.000	1.000	1.000	100.000
1016.000	232.000	1.000	1.000	100.000
1017.000	232.000	1.000	1.000	100.000
1018.000	232.000	1.000	1.000	100.000
1019.000	232.000	1.000	1.000	100.000
1020.000	232.000	1.000	1.000	100.000
1021.000	232.000	1.000	1.000	100.000
1022.000	232.000	1.000	1.000	100.000
1023.000	232.000	1.000	1.000	100.000
1024.000	232.000	1.000	1.000	100.000
1025.000	232.000	1.000	1.000	100.000
1026.000	232.000	1.000	1.000	100.000
1027.000	232.000	1.000	1.000	100.000
1028.000	232.000	1.000	1.000	100.000
1029.000	232.000	1.000	1.000	100.000
1030.000	232.000	1.000	1.000	100.000
1031.000	232.000	1.000	1.000	100.000
1032.000	232.000	1.000	1.000	100.000
1033.000	232.000	1.000	1.000	100.000
1034.000	232.000	1.000	1.000	100.000
1035.000	232.000	1.000	1.000	100.000
1036.000	232.000	1.000	1.000	100.000
1037.000	232.000	1.000	1.000	100.000
1038.000	232.000	1.000	1.000	100.000
1039.000	232.000	1.000	1.000	100.000
1040.000	232.000	1.000	1.000	100.000
1041.000	232.000	1.000	1.000	100.000
1042.000	232.000	1.000	1.000	100.000
1043.000	232.000	1.000	1.000	100.000
1044.000	232.000	1.000	1.000	100.000
1045.000	232.000	1.000	1.000	100.000
1046.000	232.000	1.000	1.000	100.000
1047.000	232.000	1.000	1.000	100.000
1048.000	232.000	1.000	1.000	100.000
1049.000	232.000	1.000	1.000	100.000
1050.000	232.000	1.000	1.000	100.000
1051.000	232.000	1.000	1.000	100.000
1052.000	232.000	1.000	1.000	100.000
1053.000	232.000	1.000	1.000	100.000
1054.000	232.000	1.000	1.000	100.000
1055.000	232.000	1.000	1.000	100.000
1056.000	232.000	1.000	1.000	100.000
1057.000	232.000	1.000	1.000	100.000
1058.000	232.000	1.000	1.000	100.000
1059.000	232.000	1.000	1.000	100.000
1060.000	232.000	1.000	1.000	100.000
1061.000	232.000	1.000	1.000	100.000
1062.000	232.000	1.000	1.000	100.000
1063.000	232.000	1.000	1.000	100.000
1064.000	232.000	1.000	1.000	100.000
1065.000	232.000	1.000	1.000	100.000
1066.000	232.000	1.000	1.000	100.000
1067.000	232.000	1.000	1.000	100.000
1068.000	232.000	1.000	1.000	100.000
1069.000	232.000	1.000	1.000	100.000
1070.000	232.000	1.000	1.000	100.000
1071.000	232.000	1.000	1.000	100.000
1072.000	232.000	1.000	1.000	100.000
1073.000	232.000	1.000	1.000	100.000
1074.000	232.000	1.000	1.000	100.000
1075.000	232.000	1.000	1.000	100.000
1076.000	232.000	1.000	1.000	100.000
1077.000	232.000	1.000	1.000	100.000
1078.000	232.000	1.000	1.000	100.000
1079.000	232.000	1.000	1.000	100.000
1080.000	232.000	1.000	1.000	100.000
1081.000	232.000	1.000	1.000	100.000
1082.000	232.000	1.000	1.000	100.000
1083.000	232.000	1.000	1.000	100.000
1084.000	232.000	1.000	1.000	100.000
1085.000	232.000	1.000	1.000	100.000
1086.000	232.000	1.000	1.000	100.000
1087.000	232.000	1.000	1.000	100.000
1088.000	232.000	1.000	1.000	100.000
1089.000	232.000	1.000	1.000	100.000
1090.000	232.000	1.000	1.000	100.000
1091.000	232.000	1.000	1.000	100.000
1092.000	232.000	1.000	1.000	100.000
1093.000	232.000	1.000	1.000	100.000
1094.000	232.000	1.000	1.000	100.000
1095.000	232.000	1.000	1.000	100.000
1096.000	232.000	1.000	1.000	100.000
1097.000	232.000	1.000	1.000	100.000
1098.000	232.000	1.000	1.000	100.000
1099.000	232.000	1.000	1.000	100.000
1100.000	232.000	1.000	1.000	100.000
1101.000	232.000	1.000	1.000	100.000
1102.000	232.000	1.000	1.000	100.000
1103.000	232.000	1.000	1.000	100.000
1104.000	232.000	1.000	1.000	100.000
1105.000	232.000	1.000	1.000	100.000
1106.000	232.000	1.000	1.000	100.000
1107.000	232.000	1.000	1.000	100.000
1108.000	232.000	1.000	1.000	100.000
1109.000	232.000	1.000	1.000	100.000
1110.000	232.000	1.000	1.000	100.000
1111.000	232.000	1.000	1.000	100.000
1112.000	232.000	1.000	1.000	100.000
1113.000	232.000	1.000	1.000	100.000
1114.000	232.000	1.000	1.000	100.000
1115.000	232.000	1.000	1.000	100.000
1116.000	232.000	1.000	1.000	100.000
1117.000	232.000	1.000	1.000	100.000
1118.000	232.000	1.000	1.000	100.000
1119.000	232.000	1.000	1.000	100.000
1120.000	232.000	1.000	1.000	100.000
1121.000	232.000	1.000	1.000	100.000
1122.000	232.000	1.000	1.000	100.000
1123.000	232.000	1.000	1.000	100.000
1124.000	232.000	1.000	1.000	100.000
1125.000	232.000	1.000	1.000	100.000
1126.000	232.000	1.000	1.000	100.000
1127.000	232.000	1.000	1.000	100.000
1128.000	232.000	1.000	1.000	100.000
1129.000	232.000	1.000	1.000	100.000
1130.000	232.000	1.000	1.000	100.000
1131.000	232.000	1.000	1.000	100.000
1132.000	232.000	1.000	1.000	100.000
1133.000	232.000	1.000	1.000	100.000
1134.000	232.000	1.000	1.000	100.000
1135.000	232.000	1.000	1.000	100.000
1136.000	232.000	1.000	1.000	100.000
1137.000	232.000	1.000	1.000	100.000
1138.000	232.000	1.000	1.000	100.000
1139.000	232.000	1.000	1.000	100.000
1140.000	232.000	1.000	1.000	100.000
1141.000	232.000	1.000	1.000	100.000
1142.000	232.000	1.000	1.000	100.000
1143.000	232.000	1.000	1.000	100.000
1144.000	232.000	1.000	1.000	100.000
1145.000	232.000	1.000	1.000	100.000
1146.000	232.000	1.000	1.000	100.000
1147.000	232.000	1.000	1.000	100.000
1148.000	232.000	1.000	1.000	100.000
1149.000	232.000	1.000	1.000	100.000
1150.000	232.000	1.000	1.000	100.000
1151.000	232.000	1.000	1.000	100.000
1152.000	232.000	1.000	1.000	100.000
1153.000	232.000	1.000	1.000	100.000
1154.000	232.000	1.000	1.000	100.000
1155.000	232.000	1.000	1.000	100.000
1156.000	232.000	1.000	1.000	100.000
1157.000	232.000	1.000	1.000	100.000
1158.000	232.000	1.000	1.000	100.000
1159.000	232.000	1.000	1.000	100.000
1160.000	232.000	1.000	1.000	100.000
1161.000	232.000	1.000	1.000	100.000
1162.000	232.000	1.000	1.000	100.000
1163.000	232.000	1.000	1.000	100.000
1164.000	232.000	1.000	1.000	100.000
1165.000	232.000	1.000	1.000	100.000
1166.000	232.000	1.000	1.000	100.000
1167.000	232.000	1.000	1.000	100.000
1168.000	232.000	1.000	1.000	100.000
1169.000	232.000	1.000	1.000	100.000
1170.000	232.000	1.000	1.000	100.000
1171.000	232.000	1.000	1.000	100.000
1172.000	232.000	1.000	1.000	100.000
1173.000	232.000	1.000	1.000	100.000
1174.000	232.000	1.000	1.000	100.000
1175.000	232.000	1.000	1.000	100.000
1176.000	232.000	1.000	1.000	100.000
1177.000	232.000	1.000	1.000	100.000
1178.000	232.000	1.000	1.000	100.000
1179.000	232.000	1.000	1.000	100.000
1180.000	232.000	1.000	1.000	100.000
1181.000	232.000	1.000	1.000	100.000
1182.000	232.000	1.000	1.000	100.000
1183.000	232.000	1.000	1.000	100.000
1184.000	232.000	1.000	1.000	100.000
1185.000	232.000	1.000	1.000	100.000
1186.000	232.000	1.000	1.000	100.000
1187.000	232.000	1.000	1.000	100.000
1188.000	232.000	1.000	1.000	100.000
1189.000	232.000	1.000	1.000	100.000
1190.000	232.000	1.000	1.000	100.000
1191.000	232.000	1.000	1.000	100.000
1192.000	232.000	1.000	1.000	100.000
1193.000	232.000	1.000	1.000	100.000
1194.000	232.000	1.000	1.000	100.000
1195.000	232.000	1.000	1.000	100.000
1196.000	232.000	1.000	1.000	100.000
1197.000	232.000	1.000	1.000	100.000
1198.000	232.000	1.000	1.000	100.000
1199.000	232.000	1.000	1.000	100.000
1200.000	232.000	1.000	1.000	100.000
1201.000	232.000	1.000	1.000	100.000
1202.000	232.000	1.000	1.000	100.000
1203.000	232.000	1.000	1.000	100.000
1204.000	232.000	1.000	1.000	100.000
1205.000	232.000	1.000	1.000	100.000
1206.000	232.000	1.000	1.000	100.000
1207.000	232.000	1.000	1.000	100.000
1208.000	232.000	1.000	1.000	100.000
1209.000	232.000	1.000	1.000	100.000
1210.000	232.000	1.000	1.000	100.000
1211.000	232.000	1.000	1.000	100.000
1212.000	232.000	1.000	1.000	100.000
1213.000	232.000	1.000	1.000	100.000
1214.000	232.000	1.000	1.000	100.000
1215.000	232.000	1.000	1.000	100.000
1216.000	232.000	1.000	1.000	100.000
1217.000	232.000	1.000	1.000	100.000
1218.000	232.000	1.000	1.000	100.000
1219.000	232.000	1.000	1.000	100.000
1220.000	232.000	1.000	1.000	100.000
1221.000	232.000	1.000	1.000	100.000
1222.000	232.000	1.000	1.000	100.000
1223.000	232.000	1.000	1.000	100.000
1224.000	232.000	1.000	1.000	100.000
1225.000	232.000	1.000	1.000	100.000
1226.000	232.000	1.000	1.000	100.000
1227.000	232.000	1.000	1.000	100.000
1228.000	232.000	1.000	1.000	100.000
1229.000	232.000	1.000	1.000	100.000
1230.000	232.000	1.000	1.000	100.000
1231.000	232.000	1.000	1.000	100.000
1232.000	232.000	1.000	1.000	100.000
1233.000	232.000	1.000	1.000	100.000
1234.000	232.000	1.000	1.000	100.000
1235.000	232.000	1.000	1.000	100.000
1236.000	232.000	1.000	1.000	100.000
1237.000	232.000	1.000	1.000	100.000
1238.000	232.000	1.000	1.000	100.000
1239.000	232.000	1.000	1.000	100.000
1240.000	232.000	1.000	1.000	100.000
1241.000	232.000	1.000	1.000	100.000
1242.000	232.000	1.000	1.000	100.000
1243.000	232.000	1.000	1.000	100.000
1244.000	232.000	1.000	1.000	100.000
1245.000	232.000	1.000	1.000	100.000
1246.000	232.000	1.000	1.000	100.000
1247.000	232.000	1.000	1.000	100.000
1248.000	232.000	1.000	1.000	100.000
1249.000	232.000	1.000	1.000	100.000
1250.000	232.000	1.000	1.000	100.000
1251.000	232.000	1.000	1.000	100.000
1252.000	232.000	1.000	1.000	100.000
1253.000	232.000	1.000	1.000	100.000
1254.000	232.000	1.000	1.000	100.000
1255.000	232.000	1.000	1.000	100.000
1256.000	232.000	1.000	1.000	100.000
1257.000	232.000	1.000	1.000	100.000
1258.000	232.000	1.000	1.000	100.000
1259.000	232.000	1.000	1.000	100.000
1260.000	232.000	1.000	1.000	100.000
1261.000	232.000	1.000	1.000	100.000
1262.000	232.000	1.000	1.000	100.000
1263.000	232.000	1.000	1.000	100.000
1264.000	232.000	1.000	1.000	100.000
1265.000	232.000	1.000	1.000	100.000
1266.000	232.000	1.000	1.000	100.000
1267.000	232.000	1.000	1.000	100.000
1268.000	232.000	1.000	1.000	100.000
1269.000	232.000	1.000	1.000	100.000
1270.000	232.000	1.000	1.000	100.000
1271.000	232.000	1.000	1.000	100.000
1272.000	232.000	1.000	1.000	100.000
1273.000	232.000	1.000	1.000	100.000
1274.000	232.000	1.000	1.000	100.000
1275.000	232.000	1.000	1.000	100.000
1276.000	232.000	1.000	1.000	100.000
1277.000	232.000	1.000	1.000	100.000
1278.000	232.000	1.000	1.000	100.000
1279.000	232.000	1.000	1.000	100.000
1280.000	232.000	1.000	1.000	100.000
1281.000	232.000	1.000	1.000	100.000
1282.000	232.000	1.000	1.000	100.000
1283.000	232.000	1.000	1.000	100.000
1284.000	232.000	1.000	1.000	100.000
1285.000	232.000	1.000	1.000	100.000
1286.000	232.000	1.000	1.000	100.000
1287.000	232.000	1.000	1.000	100.000
1288.000	232.000	1.000	1.000	100.000
1289.000	232.000	1.000	1.000	100.000
1290.000	232.000	1.000	1.000	100.000
1291.000	232.000	1.000	1.000	100.000
1292.000	232.000	1.000	1.000	100.000
1293.000	232.000	1.000	1.000	100.000
1294.000	232.000	1.000	1.000	100.000
1295.000	232.000	1.000	1.000	100.000
1296.000	232.000	1.000	1.000	100.000
1297.000	232.000	1.000	1.000	100.000
1298.000	232.000	1.000	1.000	100.000
1299.000	232.000	1.000	1.000	100.000
1300.000	232.000	1.000	1.000	100.000
1301.000	232.000	1.000	1.000	100.000
1302.000	232.000	1.000	1.000	100.000
1303.000	232.000	1.000	1.000	100.000
1304.000	232.000	1.000	1.000	100.000
1305.000	232.000	1.000	1.000	100.000
1306.000	232.000	1.000	1.000	100.000
1307.000	232.000	1.000	1.000	100.000
1308.000	232.000	1.000	1.000	100.000
1309.000	232.000	1.000	1.000	100.000
1310.000	232.000	1.000	1.000	100.000
1311.000	232.000	1.000	1.000	100.000
1312.000	232.000	1.000	1.000	100.000
1313.000	232.000	1.000	1.000	100.000
1314.000	232.000	1.000	1.000	100.000
1315.000	232.000	1.000	1.000	100.000
1316.000	232.000	1.000	1.000	100.000
1317.000	232.000	1.000	1.000	100.000
1318.000	232.000	1.000	1.000	100.000
1319.000	232.000	1.000	1.000	100.000
1320.000	232.000	1.000	1.000	100.000
1321.000	232.000	1.000	1.000	100.000
1322.000	232.000	1.000	1.000	100.000
1323.000	232.000	1.000	1.000	100.000
1324.000	232.000	1.000	1.000	100.000
1325.000	232.000	1.000	1.000	100.000
1326.000	232.000	1.000	1.000	100.000
1327.000	232.000	1.000	1.000	100.000
1328.000	232.000	1.000	1.000	100.000
1329.000	232.000	1.000	1.000	100.000
1330.000	232.000	1.000	1.000	100.000
1331.000	232.000	1.000	1.000	100.000
1332.000	232.000	1.000	1.000	100.000
1333.000	232.000	1.000	1.000	100.000
1334.000	232.000	1.000	1.000	100.000
1335.000	232.000	1.000	1.000	100.000
1336.000	232.000	1.000	1.000	100.000
1337.000	232.000	1.000	1.000	100.000
1338.000	232.000	1.000	1.000	100.000
1339.000	232.000	1.000	1.000	100.000
1340.000	232.000	1.000	1.000	100.000
1341.000	232.000	1.000	1.000	100.000
1342.000	232.000	1.000	1.000	100.000
1343.000	232.000	1.000	1.000	100.000
1344.000	232.000	1.000	1.000	100.000
1345.000	232.000	1.000	1.000	100.000
1346.000	232.000	1.000	1.000	100.000
1347.000	232.000	1.000	1.000	100.000
1348.000	232.000	1.000	1.000	100.000
1349.000	232.000	1.000	1.000	100.000
1350.000	232.000	1.000	1.000	100.000
1351.000	232.000	1.000	1.000	100.000
1352.000	232.000	1.000	1.000	100.000
1353.000	232.000	1.000	1.000	100.000
1354.000	232.000	1.000	1.000	100.000
1355.000	232.000	1.000	1.000	100.000
1356.000	232.000	1.000	1.000	100.000
1357.000	232.000	1.000	1.000	100.000
1358.000	232.000	1.000	1.000	100.000
1359.000	232.000	1.000	1.000	100.000
1360.000	232.000	1.000	1.000	100.000
1361.000	232.000	1.000	1.000	100.000
1362.000	232.000	1.000	1.000	100.000
1363.000	232.000	1.000	1.000	100.000
1364.000	232.000	1.000	1.000	100.000
1365.000	232.000	1.000	1.000	100.000
1366.000	232.000	1.000	1.000	100.000
1367.000	232.000	1.000	1.000	100.000
1368.000	232.000	1.000	1.000	100.000
1369.000	232.000	1.000	1.000	100.000
1370.000	232.000	1.000	1.000	100.000
1371.000	232.000	1.000	1.000	100.000
1372.000	232.000	1.000	1.000	100.000
1373.000	232.000	1.000	1.000	100.000
1374.000	232.000	1.000	1.000	100.000
1375.000	232.000	1.000	1.000	100.000
1376.000	232.000	1.000	1.000	100.000
1377.000	232.000	1.000	1.000	100.000
1378.000	232.000	1.000	1.000	100.000
1379.000	232.000	1.000	1.000	100.000
1380.000	232.000	1.000	1.000	100.000
1381.000	232.000	1.000	1.000	100.000
1382.000	232.000	1.000	1.000	100.000
1383.000	232.000	1.000	1.000	100.000
1384.000	232.000	1.000	1.000	100.000
1385.000	232.000	1.000	1.000	100.000
1386.000	232.000	1.000	1.000	100.000
1387.000	232.000	1.000	1.000	100.000
1388.000	232.000	1.000	1.000	100.000
1389.000	232.000	1.000	1.000	100.000
1390.000	232.000	1.000	1.000	100.000
1391.000	232.000	1.000	1.000	100.000
1392.000	232.000	1.000	1.000	100.000
1393.000	232.000	1.000	1.000	100.000
1394.000	232.000	1.000	1.000	100.000
1395.000	232.000	1.000	1.000	100.000
1396.000	232.000	1.000	1.000	100.000
1397.000	232.000	1.000	1.000	100.000
1398.000	232.000	1.000	1.000	100.000
1399.000	232.000	1.000	1.000	100.000
1400.000	232.000	1.000	1.000	100.000
1401.000	232.000	1.000	1.000	100.000
1402.000	232.000	1.000	1.000	100.000
1403.000	232.000	1.000	1.000	100.000
1404.000	232.000	1.000	1.000	100.000
1405.000	232.000	1.000	1.000	100.000
1406.000	232.000	1.000	1.000	100.000
1407.000	232.000	1.000	1.000	100.000
1408.000	232.000	1.000	1.000	100.000
1409.000	232.000	1.000	1.000	100.000
1410.000	232.000	1.000	1.000	100.000
1411.000	232.000	1.000	1.000	100.000
1412.000	232.000	1.000	1.000	100.000
1413.000	232.000	1.000	1.000	100.000
1414.000	232.000	1.000	1.000	100.000
1415.000	232.000	1.000	1.000	100.000
1416.000	232.000	1.000	1.000	100.000
1417.000	232.000	1.000	1.000	100.000
1418.000	232.000	1.000	1.000	100.000
1419.000	232.000	1.000	1.000	100.000
1420.000	232.000	1.000	1.000	100.000
1421.000	232.000	1.000	1.000	100.000
1422.000	232.000	1.000	1.000	100.000
1423.000	232.000	1.000	1.000	100.000
1424.000	232.000	1.000	1.000	100.000
1425.000	232.000	1.000	1.000	100.000
1426.000	232.000	1.000	1.000	100.000
1427.000	232.000	1.000	1.000	100.000
1428.000	232.000	1.000	1.000	100.000
1429.000	232.000	1.000	1.000	100.000
1430.000	232.000	1.000	1.000	100.000
1431.000	232.000	1.000	1.000	100.000
1432.000	232.000	1.000	1.000	100.000
1433.000	232.000	1.000	1.000	100.000
1434.000	232.000	1.000	1.000	100.000
1435.000	232.000	1.000	1.000	100.000
1436.000	232.000	1.000	1.000	100.000
1437.000	232.000	1.000	1.000	100.000
1438.000	232.000	1.000	1.000	100.000
1439.000	232.000	1.000	1.000	100.000
1440.000	232.000	1.000	1.000	100.000
1441.000	232.000	1.000	1.000	100.000
1442.000	232.000	1.000	1.000	100.000
1443.000	232.000	1.000	1.000	100.000
1444.000	232.000	1.000	1.000	100.000
1445.000	232.000	1.000	1.000	100.000
1446.000	232.000	1.000	1.000	100.000
1447.000	232.000	1.000	1.000	100.000
1448.000	232.000	1.000	1.000	100.000
1449.000	232.000	1.000	1.000	100.000
1450.000	232.000	1.000	1.000	100.000
1451.000	232.000	1.000	1.000	100.000
1452.000	232.000	1.000	1.000	100.000
1453.000	232.000	1.000	1.000	100.000
1454.000	232.000	1.000	1.000	100.000
1455.000	232.000	1.000	1.000	100.000
1456.000	232.000	1.000	1.000	100.000
1457.000	232.000	1.000	1.000	100.000
1458.000	232.000	1.000	1.000	100.000
1459.000	232.000	1.000	1.000	100.000
1460.000	232.000	1.000	1.000	100.000
1461.000	232.000	1.000	1.000	100.000
1462.000	232.000	1.000	1.000	100.000
1463.000	232.000	1.000	1.000	100.000
1464.000	232.000	1.000	1.000	100.000
1465.000	232.000	1.000	1.000	100.000
1466.000	232.000	1.000	1.000	100.000
1467.000	232.000	1.000	1.000	100.000
1468.000	232.000	1.000	1.000	100.000
1469.000	232.000	1.000	1.000	100.000
1470.000	232.000	1.000	1.000	100.000
1471.000	232.000	1.000	1.000	100.000
1472.000	232.000	1.000	1.000	100.000
1473.000	232.000	1.000	1.000	100.000
1474.000	232.000	1.000	1.000	100.000
1475.000	232.000	1.000	1.000	100.000
1476.000	232.000	1.000	1.000	100.000
1477.000	232.000	1.000	1.000	100.000
1478.000	232.000	1.000	1.000	100.000
1479.000	232.000	1.000	1.000	100.000
1480.000	232.000	1.000	1.000	100.000
1481.000	232.000	1.000	1.000	100.000
1482.000	232.000	1.000	1.000	100.000
1483.000	232.000	1.000	1.000	100.000
1484.000	232.000	1.000	1.000	100.000
1485.000	232.000	1.000	1.000	100.000
1486.000	232.000	1.000	1.000	100.000
1487.000	232.000	1.000	1.000	100.000
1488.000	232.000	1.000	1.000	100.000
1489.000	232.000	1.000	1.000	100.000
1490.000	232.000	1.000	1.000	100.000
1491.000	232.000	1.000	1.000	100.000
1492.000	232.000	1.000	1.000	100.000
1493.000	232.000	1.000	1.000	100.000
1494.000	232.000	1.000	1.000	100.000
1495.000	232.000	1.000	1.000	100.000
1496.000	232.000	1.000	1.000	100.000
1497.000	232.000	1.000	1.000	100.000
1498.000	232.000	1.000	1.000	100.000
1499.000	232.000	1.000	1.000	100.000
